*	300nm	305nm	310nm	315nm	320nm	325nm	330nm	335nm	340nm	345nm	350nm	355nm	360nm	365nm	370nm	375nm	380nm	385nm	390nm	395nm	400nm	405nm	410nm	415nm	420nm	425nm	430nm	435nm	440nm	445nm	450nm	455nm	460nm	465nm	470nm	475nm	480nm	485nm	490nm	495nm	500nm	505nm	510nm	515nm	520nm	525nm	530nm	535nm	540nm	545nm	550nm	555nm	560nm	565nm	570nm	575nm	580nm	585nm	590nm	595nm	600nm	605nm	610nm	615nm	620nm	625nm	630nm	635nm	640nm	645nm	650nm	655nm	660nm	665nm	670nm	675nm	680nm	685nm	690nm	695nm	700nm	705nm	710nm	715nm	720nm	725nm	730nm	735nm	740nm	745nm	750nm	755nm	760nm	765nm	770nm	775nm	780nm	785nm	790nm	795nm	800nm	
A1	378	607	1222	1319	1475	1646	1669	1574	1398	1246	1052	878	707	567	455	326	242	161	116	97	87	83	93	106	138	173	228	280	352	418	474	512	533	588	656	689	698	692	692	674	668	627	583	555	525	496	451	421	384	353	326	296	279	250	226	200	185	168	150	138	121	109	101	92	80	75	66	60	53	47	42	38	34	34	27	26	24	20	18	12	13	10	10	12	8	8	8	8	5	5	5	6	3	3	3	3	3	4	4	4	4	
A2	410	687	1330	1514	1679	1844	1891	1760	1652	1470	1218	1014	828	651	495	376	264	180	125	103	90	83	88	95	125	157	210	263	333	409	459	501	535	583	650	683	708	699	698	681	676	632	601	563	532	501	463	421	387	344	323	299	274	251	223	195	183	158	145	128	122	108	97	85	76	69	66	54	48	44	38	38	36	28	23	24	19	17	17	16	13	10	10	9	9	5	8	8	5	5	3	3	3	3	0	3	0	0	0	0	0	
A3	414	741	1361	1524	1784	1998	1946	1929	1699	1487	1288	1080	868	679	526	385	274	187	135	104	91	81	81	88	116	147	194	250	313	386	441	489	502	570	627	664	679	672	664	654	634	611	579	541	512	473	433	406	374	342	311	279	260	236	216	187	175	160	139	122	110	103	96	85	77	63	64	55	49	41	38	35	29	31	25	21	22	17	15	13	10	13	10	9	9	6	5	5	8	5	6	6	3	0	0	3	0	0	0	0	0	
A4	433	790	1493	1715	1979	2154	2193	2030	1878	1644	1391	1210	983	747	564	422	299	208	146	109	90	76	76	76	96	125	162	220	273	335	391	421	439	501	559	588	603	603	609	584	566	543	506	477	448	433	396	359	331	301	275	260	228	212	188	169	155	134	125	112	100	87	82	70	64	53	55	46	40	38	32	27	24	22	20	18	16	14	12	13	10	10	10	9	6	3	5	3	5	3	3	0	3	0	3	0	0	4	4	-4	0	
A5	674	1206	2300	2798	3261	3678	3786	3667	3381	2931	2515	2092	1733	1421	1058	782	540	363	257	191	151	119	99	81	72	79	80	99	113	128	148	153	160	181	203	207	214	210	214	204	201	191	183	171	159	154	141	127	116	107	99	90	87	74	67	60	54	48	45	40	38	33	30	25	25	19	20	17	14	12	10	9	14	7	7	8	5	3	3	6	0	3	0	3	3	0	3	0	0	0	0	0	0	0	0	0	-3	0	0	-4	-4	
A6	688	1289	2481	3001	3633	4010	4190	4018	3694	3318	2831	2384	1956	1591	1231	887	623	419	297	214	168	126	102	78	70	62	56	56	58	59	62	66	65	71	76	80	82	79	81	76	76	70	65	65	60	56	50	49	44	40	34	36	36	31	25	23	22	18	19	17	14	13	11	10	11	9	7	8	6	6	4	4	4	2	2	3	0	3	0	3	0	0	0	0	0	-3	0	0	0	0	-3	-3	0	0	-3	0	-3	0	-4	0	-4	
A7	722	1408	2648	3251	3951	4460	4639	4401	4084	3644	3085	2595	2153	1695	1320	957	665	452	314	230	180	141	111	80	63	51	45	37	32	31	31	27	25	26	27	28	27	27	25	24	24	20	20	19	18	18	17	14	13	13	12	11	13	11	8	7	7	7	6	5	5	5	3	3	2	2	2	2	2	2	0	0	0	0	0	0	0	0	0	-3	0	0	0	-3	-3	-3	0	-3	-3	-3	-3	0	-3	-3	0	-3	-3	-4	-4	-4	-4	
A8	741	1425	2667	3291	3939	4520	4644	4474	4140	3635	3144	2703	2175	1708	1344	990	692	459	318	235	185	145	113	84	65	53	42	38	31	27	21	19	18	15	15	17	15	14	13	13	13	12	10	9	8	9	9	7	7	6	6	6	9	8	4	4	3	4	3	3	2	2	0	2	2	2	0	2	0	0	2	0	0	0	0	-3	-3	-3	0	-3	-3	-3	-3	-3	0	0	0	-3	0	-3	-3	-3	-3	-3	-3	-3	-3	-4	-4	-4	0	
A9	757	1472	2713	3312	4149	4601	4782	4571	4198	3701	3185	2718	2211	1727	1347	1016	702	475	320	239	189	139	111	88	66	50	42	35	27	23	20	17	12	13	12	10	11	10	11	8	9	8	7	8	6	6	7	6	6	5	4	4	6	5	4	3	1	1	2	1	2	3	2	2	2	0	2	0	0	0	0	0	0	0	0	-3	0	-3	-3	0	0	0	-3	-3	-3	-3	0	-3	-3	-3	-3	-3	0	0	-3	0	-3	-4	-4	-4	0	
A10	721	1465	2578	3235	3906	4346	4561	4317	4014	3574	3049	2637	2096	1714	1310	979	660	457	318	230	189	142	109	82	62	52	39	30	24	20	18	15	13	11	11	11	10	8	9	8	7	7	6	6	6	6	5	4	4	5	4	4	6	5	3	1	3	3	1	2	2	2	2	0	0	0	0	0	0	0	0	0	0	0	0	0	0	-3	-3	-3	-3	-3	-3	-3	-3	0	0	-3	-3	-3	-3	-3	-3	-3	-3	-3	-3	-4	-4	-4	-4	
A11	696	1389	2556	3151	3825	4250	4411	4313	3910	3445	3012	2527	2072	1672	1275	921	638	433	313	229	178	136	103	84	64	51	39	33	26	22	19	14	13	11	10	10	9	8	9	7	7	7	6	6	6	5	3	5	4	4	4	4	5	5	3	3	1	1	1	1	2	2	0	2	0	0	0	0	0	0	0	0	0	-2	-2	0	-3	-3	0	-3	-3	-3	-3	-3	-3	-3	-3	-3	-3	-3	-3	-3	-3	-3	-3	0	-3	-3	-4	-4	-4	
A12	691	1210	2291	2814	3414	3815	3915	3739	3492	3079	2691	2239	1828	1468	1136	833	575	386	277	201	161	130	92	73	55	44	37	27	22	20	16	14	12	10	10	10	8	8	7	6	7	6	6	5	6	5	5	4	4	4	4	4	6	5	3	1	1	3	1	1	2	0	0	0	0	0	0	0	0	0	0	0	0	-2	0	-3	-3	-3	0	-3	-3	0	0	-3	-3	-3	-3	-3	0	0	-3	-3	-3	0	-3	-3	-3	-4	-4	-4	-4	
B1	147	302	664	695	706	768	740	711	603	543	451	387	304	252	200	146	107	78	63	58	58	64	73	84	103	132	161	195	230	266	297	305	312	346	380	390	399	392	387	369	360	343	331	305	283	267	255	228	206	194	176	161	151	139	123	111	99	88	79	71	67	62	58	48	42	39	37	33	29	24	23	20	16	17	13	10	11	11	9	6	7	3	3	3	3	3	3	3	3	0	0	0	0	0	-3	0	0	0	0	0	-4	
B2	170	362	733	732	829	872	892	837	720	635	534	453	367	284	225	167	119	87	64	54	58	56	63	68	89	110	136	159	196	224	253	273	285	312	332	354	363	357	348	342	335	312	305	288	269	246	234	213	195	174	162	153	139	126	113	100	90	81	73	67	62	52	48	43	38	34	32	29	22	25	17	18	16	12	10	8	13	8	6	6	3	3	3	3	3	3	0	0	0	0	0	0	-3	0	0	-3	-3	0	-4	-4	-4	
B3	188	362	790	805	844	932	921	874	795	690	577	482	400	323	252	177	123	93	67	52	49	47	49	57	69	86	110	131	160	192	217	238	245	268	297	313	318	318	315	305	299	288	268	255	243	222	210	189	176	160	147	135	123	113	99	91	82	71	65	57	55	46	43	37	35	28	28	23	20	19	19	18	16	12	12	10	5	6	3	3	3	3	0	3	0	0	3	0	0	0	0	0	0	-3	-3	-3	-3	-4	-4	-4	-4	
B4	190	343	757	772	825	897	872	824	742	655	539	454	375	306	236	184	120	83	62	50	43	37	38	42	49	63	80	102	123	153	172	184	198	222	250	256	261	261	258	253	254	236	221	211	198	186	171	156	144	132	122	114	106	94	85	75	69	61	53	45	44	37	32	33	26	27	22	21	18	14	13	13	9	10	7	8	5	6	3	3	0	0	0	0	0	0	0	0	0	0	0	-3	-3	0	-3	-3	-3	0	-4	-4	0	
B5	251	481	968	987	1079	1229	1223	1173	1102	934	802	675	565	443	351	255	177	118	85	64	52	44	41	39	45	51	62	78	93	118	129	141	147	168	189	198	200	196	199	194	190	177	164	160	153	142	129	123	114	103	91	85	77	72	62	56	51	41	38	37	33	30	27	23	21	18	17	14	12	12	9	9	7	7	2	5	5	3	3	3	3	0	0	0	-3	0	0	-3	-3	-3	-3	-3	-3	-3	-3	-3	-3	-4	-4	-4	0	
B6	333	630	1238	1313	1515	1700	1718	1622	1555	1340	1153	981	809	643	483	370	255	169	118	91	73	58	50	39	36	33	39	41	43	49	54	59	61	68	75	78	78	79	77	78	74	71	66	62	59	56	48	46	47	38	35	34	34	30	24	23	20	17	15	16	12	11	10	10	7	7	5	6	4	2	4	4	2	2	0	0	0	0	0	0	-3	-3	-3	-3	-3	-3	-3	0	-3	-3	-3	-3	-3	-3	-3	-3	-3	-4	-4	-4	-4	
B7	320	643	1317	1495	1762	1920	1990	1896	1744	1565	1343	1132	921	729	569	428	286	199	133	103	80	63	50	40	33	29	27	24	21	23	22	21	21	22	25	24	26	24	25	24	20	23	19	20	17	17	16	14	13	13	10	10	13	11	8	5	6	6	5	4	3	2	3	2	2	2	2	2	0	0	0	0	0	0	-2	-3	-3	0	-3	-3	-3	-3	-3	-3	-3	-3	-3	-3	-3	-3	-3	-3	-3	-3	-3	-3	-3	-3	-4	-4	-4	
B8	318	707	1355	1523	1794	2018	2018	1934	1835	1592	1396	1145	943	751	580	428	292	202	141	108	83	65	53	39	34	26	22	19	19	17	14	14	14	12	14	13	14	12	12	12	14	12	11	10	9	8	8	7	7	6	6	6	8	7	5	4	4	3	3	1	2	2	2	2	2	0	0	0	0	0	0	0	0	-2	-2	0	-3	-3	-3	-3	-3	0	-3	-3	-3	-3	0	-3	-3	0	-3	-3	-3	-3	-3	-3	-3	-4	-4	-4	-4	
B9	338	653	1301	1501	1775	1950	2067	1970	1804	1588	1380	1166	942	746	587	442	294	203	141	107	81	66	51	39	31	27	22	18	16	15	13	11	11	10	10	9	9	9	9	8	8	7	7	6	5	6	5	6	4	4	5	4	8	5	3	3	3	1	1	2	2	2	2	2	0	0	0	0	0	0	0	0	0	0	0	-3	0	-3	-3	-3	-3	-3	-3	-3	-3	-3	-3	-2	-3	0	-3	-3	-3	-3	-3	-3	-3	-4	-4	-4	-4	
B10	332	673	1343	1564	1803	2038	2049	2005	1850	1620	1384	1177	961	775	589	439	305	204	145	112	85	72	55	42	32	27	21	21	16	14	13	11	8	10	9	8	8	8	7	7	7	7	4	6	5	6	4	5	4	2	4	4	7	5	3	3	1	1	1	1	2	2	0	2	0	0	0	0	0	0	0	0	0	-2	-2	-3	0	-3	-3	-3	-3	-3	-3	-3	-3	-3	-3	-3	-3	-3	-3	-3	-3	-3	-3	-3	-3	-4	-4	-4	-4	
B11	314	627	1238	1438	1642	1780	1867	1786	1629	1433	1247	1075	867	680	537	400	279	193	130	98	79	66	50	40	34	27	23	19	17	17	13	12	10	11	9	9	8	8	8	7	6	7	6	6	6	5	4	4	4	4	4	4	6	5	3	3	1	1	1	1	0	2	0	0	2	0	0	0	0	-2	0	0	0	-2	-2	-3	-3	-3	-3	-3	-3	-3	-3	0	0	-3	-3	-3	-3	-3	-3	-3	-3	-3	-3	-3	-3	-3	-4	-4	-4	
B12	296	567	1168	1320	1583	1744	1818	1694	1613	1357	1191	1022	813	669	504	382	262	179	124	93	75	59	47	38	30	26	21	15	16	13	10	9	8	8	8	8	8	7	7	6	6	5	6	5	5	5	5	5	4	2	2	4	6	5	3	1	1	1	1	1	2	0	0	0	0	0	0	0	0	0	0	0	-2	-2	-2	-3	-3	-3	0	-3	-3	-3	-3	-3	-3	-3	-3	-3	-3	-3	-3	-3	-3	-3	-3	-3	-3	-3	-4	-4	-4	
C1	42	199	444	379	364	366	357	313	277	234	198	167	134	112	84	70	55	44	38	37	45	46	58	71	84	103	122	146	163	189	200	209	210	220	245	246	250	241	240	236	224	213	195	187	174	166	157	144	130	119	110	101	93	86	75	67	62	56	49	46	42	37	36	29	28	26	23	19	20	17	15	11	11	10	10	8	5	6	6	6	0	3	3	3	3	0	3	0	0	3	0	0	0	-3	-3	0	-3	-4	-4	-4	-4	
C2	63	200	490	400	374	383	368	345	310	255	214	177	142	121	96	70	57	42	36	35	36	41	49	53	65	75	92	108	123	133	149	153	157	170	177	189	192	190	187	179	172	162	157	145	137	130	120	106	101	94	85	76	74	67	59	55	48	46	38	35	29	27	29	23	23	18	15	16	12	12	8	9	7	7	5	5	3	3	3	0	0	0	0	0	0	0	0	-3	0	-3	0	-3	0	0	0	-3	-3	-4	-4	-4	-4	
C3	85	201	470	374	349	366	364	336	281	249	205	171	137	114	96	71	55	40	29	29	30	28	33	36	45	47	58	72	79	93	105	106	108	115	129	133	136	132	130	131	121	116	109	103	102	91	83	78	71	67	59	58	55	50	42	40	35	30	27	26	22	17	18	17	12	13	11	10	10	6	6	7	7	2	2	3	3	0	3	0	0	0	0	0	0	0	0	-3	-3	-3	0	-3	-3	-3	-3	-3	-3	-4	0	-4	-4	
C4	150	254	556	468	456	459	459	426	377	315	274	221	186	149	119	86	61	43	32	29	25	24	25	27	31	35	42	51	60	68	79	82	83	88	103	108	108	110	108	101	101	99	92	87	78	79	73	65	58	51	47	49	44	38	33	32	27	25	22	20	16	16	13	12	12	7	8	8	6	6	4	2	5	2	2	0	0	0	0	0	0	0	-3	0	-3	-3	-3	-3	-3	0	-3	-3	-3	-3	-3	-3	-3	-4	-4	-4	-4	
C5	192	327	664	542	533	545	537	478	436	377	309	271	215	169	132	99	65	49	41	29	27	22	23	24	25	29	36	45	55	65	69	74	76	87	97	105	103	105	103	101	98	88	88	83	77	73	70	62	57	50	48	43	42	39	33	26	26	25	20	19	16	14	13	12	11	9	9	8	6	6	2	5	2	3	3	3	0	0	0	0	0	-3	-3	-3	0	-3	-3	-3	0	-3	-3	-3	-3	-3	-3	-3	-3	-4	-4	-4	-4	
C6	149	311	659	626	614	637	673	617	549	486	420	350	290	225	174	135	90	66	48	35	31	25	24	24	20	23	28	32	38	40	48	49	48	56	61	62	66	65	65	65	60	57	56	53	48	46	41	39	37	32	30	28	27	26	20	18	15	13	12	11	10	10	7	7	7	4	4	4	4	2	2	2	2	0	0	0	0	0	0	-3	0	-3	-3	-3	-3	-3	-3	-3	-3	-3	-3	-3	-3	-3	-3	-3	-3	-4	-4	-4	-4	
C7	149	326	695	672	701	786	781	737	702	603	512	438	366	275	216	165	116	78	59	42	34	31	23	21	17	15	15	15	14	17	17	17	19	18	19	20	19	20	22	20	17	16	17	15	14	14	13	12	11	10	10	9	12	8	5	5	6	4	4	3	3	3	2	2	2	2	0	2	0	0	0	-2	-2	-2	0	-3	-3	-3	-3	-3	-3	-3	-3	-3	-3	-3	-3	-3	-3	-3	-3	-3	-3	-3	-3	-3	-3	-4	-4	-4	-4	
C8	168	329	754	728	789	837	861	822	737	626	565	469	396	312	242	177	124	86	62	48	40	31	28	21	19	14	14	14	12	13	14	11	10	12	13	13	11	11	11	12	9	9	10	9	9	9	7	9	6	5	7	6	8	7	4	3	4	1	1	2	2	2	2	0	0	0	0	0	0	0	-2	0	0	-2	-3	-3	-3	-3	-3	-3	-3	-3	-3	-3	-3	-3	-3	-3	-3	-3	-3	-3	-3	-3	-3	-3	-3	-4	-4	-4	-4	
C9	150	343	726	702	788	900	870	832	770	681	567	485	385	327	259	188	129	92	66	47	40	28	27	23	17	17	14	12	10	10	11	8	9	9	8	8	7	8	7	7	7	6	6	5	5	4	5	4	5	4	3	4	5	4	3	3	1	3	0	0	2	2	0	0	0	0	0	-2	0	-2	0	-2	-2	0	-3	-3	-3	-3	-3	-3	-3	-3	-3	-3	-3	-3	-3	-3	-3	-3	-3	-3	-3	-3	-3	-3	-3	-4	-4	-4	-4	
C10	170	327	757	691	761	843	857	830	744	651	565	474	402	315	257	180	129	90	61	45	36	33	26	21	19	15	14	11	11	9	9	9	7	7	8	8	7	7	7	6	5	5	5	5	5	4	4	4	4	2	3	3	7	4	3	1	1	1	1	2	0	2	0	0	0	0	-2	0	0	-2	-2	0	-2	-2	0	-3	-3	-3	-3	-3	-3	-3	-3	-3	-3	-3	-3	-3	-3	-3	-3	-3	-3	-3	-3	-3	-3	-4	-4	-4	-4	
C11	172	304	700	641	718	767	800	749	675	576	508	437	346	280	226	168	114	78	57	46	35	30	24	20	17	16	12	13	9	9	8	7	7	6	7	7	7	7	6	6	6	5	5	5	5	5	4	4	2	3	2	4	5	5	3	3	1	1	1	2	2	2	0	0	0	0	0	0	-2	0	-2	-2	-2	-2	-3	-3	-3	0	-3	-3	-3	-3	-3	-3	-3	-3	0	-3	-3	-3	-3	-3	-3	-3	-3	-3	-3	-4	-4	-4	-4	
C12	128	287	662	610	670	738	694	676	625	554	441	386	324	255	192	150	106	72	50	38	32	27	22	19	15	15	14	9	10	9	9	7	7	7	7	7	7	6	6	5	5	5	5	6	4	5	4	5	4	4	3	3	7	4	1	1	3	1	2	0	0	2	0	0	0	-2	0	0	0	0	0	-2	0	-2	-3	-3	-3	-3	0	-3	-3	-3	-3	-3	-3	-3	-3	-3	-3	-3	-3	-3	-3	-3	-3	-3	-3	-4	-4	-4	-4	
D1	43	147	385	284	244	240	206	192	160	135	112	97	77	62	51	43	34	28	32	32	36	41	53	68	79	97	108	130	145	165	172	180	179	192	204	205	209	198	196	188	189	173	167	156	142	133	130	117	110	100	93	85	80	73	66	59	54	49	42	38	36	35	32	26	25	22	19	19	16	17	13	11	10	12	10	5	11	6	6	3	3	0	0	0	3	3	0	0	0	0	0	0	0	-3	0	0	-3	0	-4	-4	-4	
D2	44	127	394	286	246	239	223	189	175	136	107	99	77	62	51	44	37	28	26	28	29	33	41	53	59	66	78	92	97	115	119	123	120	130	138	138	143	139	130	133	125	121	114	109	102	97	89	81	75	66	63	60	59	49	43	42	36	35	30	26	25	23	22	19	16	13	11	10	10	10	9	7	7	5	5	5	3	0	3	3	0	0	0	0	0	0	0	-3	0	-3	-3	-3	-3	-3	0	0	-3	0	-4	-4	-4	
D3	43	146	418	308	221	234	225	201	158	137	116	94	81	70	50	42	32	26	23	23	25	26	27	31	37	38	47	53	58	63	70	70	72	77	84	83	82	86	81	78	76	73	68	65	60	56	53	49	46	42	37	34	36	30	26	22	22	19	16	15	16	13	12	10	11	8	8	6	6	4	4	2	5	5	3	3	0	0	0	0	0	-3	0	-3	-3	0	0	-3	0	-3	-3	-3	-3	-3	-3	-3	-4	-4	-4	-4	-9	
D4	66	129	402	303	248	234	211	197	166	131	110	94	76	61	50	39	27	24	19	16	18	17	19	18	20	22	28	30	32	38	41	40	40	42	50	51	50	50	47	45	45	41	38	39	37	35	31	33	27	25	23	21	22	19	15	15	13	11	10	9	8	8	7	5	5	6	4	4	4	2	4	2	0	0	0	0	0	0	0	-3	0	0	-3	-3	-3	-3	-3	-3	0	-3	-3	-3	-3	-3	-3	-3	-3	-4	-4	-4	-4	
D5	65	161	436	269	227	235	238	210	161	151	122	105	90	69	59	45	36	25	16	15	13	14	13	15	14	17	17	18	21	25	27	26	25	30	32	32	32	33	32	29	31	28	26	26	24	23	21	20	19	16	15	15	14	15	11	8	10	6	6	5	5	5	3	5	2	4	2	2	2	2	2	2	0	0	0	0	0	0	0	-3	-3	-3	-3	-3	-3	0	0	-3	-3	-3	-3	-3	-3	-3	-3	-3	-3	-4	-4	-4	-4	
D6	87	163	482	330	275	269	245	235	202	184	159	129	105	87	75	51	43	32	21	18	17	14	15	15	14	17	17	18	21	22	24	27	27	29	32	31	34	34	33	33	30	30	29	26	24	22	22	19	19	17	15	14	17	14	12	10	10	7	6	6	5	5	3	3	4	2	2	2	2	2	0	0	0	0	0	0	0	-3	-3	-3	-3	0	-3	-3	-3	-3	-3	-3	-3	-3	-3	0	-3	-3	-3	-3	-4	-4	-4	-4	-4	
D7	66	163	415	298	273	281	253	253	207	182	153	132	109	85	69	54	37	28	23	19	15	14	14	12	13	12	11	12	12	13	15	16	15	16	16	17	16	18	16	16	16	15	15	14	12	12	11	10	9	7	9	8	11	9	6	6	4	4	4	3	2	3	2	2	2	2	0	0	0	0	0	0	0	0	-3	-3	-3	0	-3	-3	-3	-3	0	-3	-3	-3	-3	-3	-3	-3	-3	-3	-3	-3	-3	-3	-3	-4	-4	-4	-4	
D8	427	681	1068	953	883	898	864	750	629	542	424	346	285	216	177	118	85	56	44	32	26	24	19	16	14	14	14	14	10	11	13	11	11	11	12	11	10	10	9	10	9	8	8	7	7	6	7	5	6	5	5	5	7	7	3	3	4	3	1	2	2	2	0	0	0	0	0	0	0	0	0	-2	-2	0	-3	0	-3	-3	-3	-3	-3	-3	-3	-3	-3	-3	-3	-3	-3	-3	-3	-3	-3	-3	-3	-3	-3	-4	-4	-4	0	
D9	84	218	479	407	358	380	365	346	311	260	228	195	153	123	104	75	53	35	31	23	19	17	15	13	13	9	11	11	7	9	7	7	8	8	7	8	7	8	7	7	6	6	7	6	6	5	4	5	4	4	3	3	7	5	1	1	0	1	1	2	2	2	0	2	0	0	0	0	0	0	0	-2	-2	0	-3	-3	-3	-3	0	-3	-3	-3	-3	-3	-3	-3	-3	-3	-3	-3	-3	-3	-3	-3	-3	-3	-3	-4	-4	-4	-4	
D10	86	200	500	340	332	347	342	309	283	250	203	173	147	113	99	70	48	38	30	23	19	17	16	13	13	11	11	9	9	7	7	8	7	7	8	7	6	6	7	6	6	5	5	3	5	5	4	4	4	4	4	3	5	5	1	1	1	2	2	2	0	2	0	0	0	0	0	0	0	0	-2	0	-2	0	-3	-3	0	-3	-3	-3	0	-3	-3	-3	-3	-3	-3	-3	-3	-3	-3	-3	-3	-3	-3	-3	-3	-4	-4	-4	-4	
D11	85	181	499	331	316	343	332	322	276	237	207	174	146	110	88	64	48	38	27	21	20	15	14	11	13	9	9	9	9	7	7	7	7	7	7	7	6	6	6	4	6	5	5	3	4	5	4	4	4	4	3	3	8	4	3	3	1	1	1	1	0	0	0	0	0	0	0	-2	0	-2	0	-2	0	0	-3	-3	0	-3	-3	0	-3	-3	-3	0	-3	-3	-3	-3	-3	-3	-3	-3	-3	-3	-3	-3	-3	-7	-4	-4	-4	
D12	66	198	477	345	320	326	315	287	246	223	194	153	135	106	88	60	48	34	23	21	17	15	14	13	10	9	9	8	8	9	7	7	7	5	7	6	8	7	6	6	6	5	3	4	5	3	5	4	2	4	4	3	7	4	3	3	1	1	1	0	2	0	0	0	2	0	0	0	-2	0	0	-2	0	-2	0	-3	-3	-3	-3	-3	-3	-3	-3	-3	-3	-3	-3	-3	-3	-3	-3	-3	-3	-3	-3	-3	-3	-4	-4	0	-4	
E1	22	94	318	193	132	143	111	97	86	65	47	43	35	23	20	24	22	20	24	27	36	41	53	61	75	93	107	118	138	151	154	157	156	163	179	174	174	179	171	169	161	151	141	136	131	121	113	105	92	87	79	78	74	61	58	51	50	43	40	36	34	31	27	26	22	18	19	18	16	14	13	11	7	10	7	10	5	6	6	3	3	3	3	0	0	0	3	0	0	0	0	0	0	0	0	-3	0	0	-4	-4	0	
E2	22	111	347	203	145	137	132	91	79	64	42	38	26	23	24	21	20	18	19	23	27	32	39	45	55	61	72	77	91	96	102	102	99	107	110	115	111	113	114	103	102	97	93	89	82	81	73	70	62	58	52	51	48	45	40	33	32	29	27	24	21	19	19	18	18	13	11	10	10	8	9	7	5	5	5	3	3	3	3	0	0	0	0	0	3	-3	0	0	0	0	-3	0	-3	-3	0	0	-3	-4	0	0	-4	
E3	22	110	345	215	169	133	111	98	79	59	48	42	34	23	24	15	17	14	16	15	18	20	22	26	31	35	38	40	45	47	48	50	49	52	57	57	55	54	52	52	50	49	46	45	43	41	36	36	32	30	27	24	26	24	19	18	17	16	14	14	11	10	10	11	9	5	6	6	6	6	4	2	2	2	3	3	0	-3	0	0	0	-3	0	0	0	0	0	0	-3	-3	0	-3	-3	0	-3	-3	-3	-7	0	-4	-4	
E4	22	90	353	218	145	134	119	90	79	59	43	38	34	23	24	15	17	10	10	10	10	10	12	13	12	16	14	17	18	16	18	17	17	18	18	20	18	19	18	17	18	16	16	17	15	14	14	12	11	12	10	10	12	11	7	7	6	4	6	5	5	5	3	2	2	2	2	0	0	0	0	0	2	2	0	0	0	-3	0	-3	-3	-3	-3	0	-3	0	0	-3	-3	-3	0	-3	0	0	-3	0	-3	-4	-4	0	-4	
E5	22	110	372	227	131	146	129	99	72	66	48	38	30	26	21	18	15	12	9	8	10	7	8	10	8	9	9	8	7	7	8	9	8	8	8	7	8	8	7	6	7	7	6	7	5	6	5	4	4	4	4	4	7	5	3	3	3	3	3	2	2	0	2	2	2	0	0	0	0	0	0	0	0	-2	0	-3	0	-3	0	0	-3	-3	-3	-3	-3	-3	-3	-3	0	0	-3	-3	-3	-3	-3	-3	-3	-4	-4	-4	-4	
E6	44	112	354	218	144	136	113	84	67	64	47	34	26	27	17	18	15	12	9	8	10	9	9	8	8	8	8	8	8	7	8	6	7	6	5	6	6	6	7	6	6	6	5	5	5	5	4	2	4	3	3	3	7	5	1	1	1	1	2	0	0	2	0	2	2	0	0	-2	0	-2	0	0	0	0	0	0	0	0	-3	0	-3	-3	-3	-3	0	-3	-3	-3	0	-3	-3	-3	-3	-3	-3	-3	-3	0	-4	-4	-4	
E7	22	92	340	209	145	124	104	92	81	58	48	34	30	24	24	18	12	10	9	8	8	7	7	8	8	8	9	8	7	6	7	6	7	6	6	6	6	6	5	6	5	5	5	5	5	4	5	2	4	4	3	3	7	5	1	1	1	1	1	2	0	0	0	2	0	0	0	0	0	0	0	0	0	0	0	0	0	0	-3	0	-3	-3	-3	0	-3	-3	-3	-3	0	-3	-3	-3	-3	-3	0	-3	-3	-4	-4	-4	-4	
E8	43	109	360	193	145	127	105	89	73	58	42	39	30	23	21	18	12	10	9	8	8	7	9	8	8	8	6	8	6	6	7	6	4	6	6	6	7	7	6	6	5	5	5	6	4	4	4	4	4	4	3	4	5	4	3	1	1	1	1	0	2	0	0	2	0	0	0	0	0	0	-2	0	0	0	-3	-3	-3	-3	0	0	0	-3	-3	-3	-3	0	-3	-3	-3	-3	-3	-3	-3	-3	0	-3	-3	-4	-4	-4	-4	
E9	21	112	327	202	132	139	121	90	78	53	47	33	30	27	24	17	12	12	9	8	8	9	9	8	6	8	8	6	8	7	7	6	7	6	5	6	7	6	6	5	5	5	3	5	5	4	4	4	4	2	3	3	7	4	3	1	1	0	1	2	0	0	0	0	0	0	0	0	0	0	0	-2	0	-2	-3	0	0	-3	-3	0	0	-3	-3	-3	-3	-3	0	-3	0	-3	0	-3	-3	-3	-3	-3	-3	-4	-4	-4	-4	
E10	22	110	382	196	121	128	110	100	66	59	48	38	35	23	21	15	15	10	9	10	10	9	9	8	8	6	8	8	9	7	8	6	6	7	6	7	7	6	6	5	5	6	3	5	5	5	4	4	2	4	3	3	7	5	1	1	1	1	1	2	0	2	0	0	0	0	0	0	0	-2	0	0	0	0	0	-3	0	-3	0	0	0	-3	-3	-3	0	-3	-3	0	0	-3	0	-3	-3	-3	-3	-3	-3	-4	0	-4	-4	
E11	45	111	367	193	122	130	103	99	80	64	53	52	38	27	21	21	20	14	12	10	10	10	10	8	9	8	9	8	7	7	7	7	5	5	6	6	6	7	6	6	5	6	5	4	5	4	4	4	4	4	4	3	7	6	1	3	1	1	2	0	2	2	0	0	0	0	0	0	0	0	0	0	0	-2	-3	-3	-3	-3	0	-3	-3	0	-3	0	-3	0	-3	-3	0	-3	-3	-3	-3	-3	-3	-3	-3	-4	-4	-4	-4	
E12	22	129	328	201	141	126	124	106	79	64	48	44	35	26	24	18	15	12	11	11	10	10	9	8	8	6	7	8	9	8	6	6	8	7	7	7	6	6	6	6	6	6	6	4	5	5	4	4	4	4	3	4	5	6	3	3	1	1	2	3	2	2	0	2	0	0	0	0	0	-2	0	0	0	-2	0	0	-3	-3	0	0	-3	0	-3	-3	-3	0	-3	-3	0	-3	-3	-3	-3	-3	-3	-3	-3	0	-4	-4	-4	
